method : metropolis_hastings_E
[ 1.35555   1.467872  1.742941  1.157386  1.042028  1.269564  1.349111
  1.644277  1.24509   1.824342  1.779018  1.432816  1.401003  1.22077
  1.441765  1.041793  1.086793  1.354954  1.035354  1.252135  1.173052
  1.306557  1.445894  1.404328  1.33729   1.593539  1.32849   1.570122
  1.585108  1.149716  1.498573  1.710465  1.350971  1.039061  1.348739
  1.355616  1.438572  1.094943  1.020093  1.139255  1.624599  0.994034
  1.288794  1.17353   1.142755  1.444713  1.19854   1.535219  1.202882
  1.403864  1.296324]
mean : 1.340004
   stddev : 0.208325
method : metropolis_hastings_grad_E
[ 1.749977  1.384156  1.528836  1.307771  1.606121  1.028272  1.731811
  1.296612  1.129237  1.16214   1.397919  0.833197  1.35999   1.220609
  1.461455  1.385218  1.59667   1.525095  1.064643  1.224703  1.346808
  1.354644  0.995027  1.438624  1.226228  0.984416  1.65795   1.419724
  0.909447  1.353472  1.284755  1.437362  1.051472  1.304193  0.885977
  1.440889  1.135666  1.492892  1.19785   1.132386  1.398417  1.196182
  1.168899  0.989156  1.102995  1.103742  1.106505  1.467585  1.778802
  1.591077  1.107848]
mean : 1.295204
   stddev : 0.228236
method : langevin
[ 1.224857  1.205849  1.14357   1.528133  1.411153  1.084688  1.02558
  1.753837  1.058822  1.385776  1.280387  1.332836  1.130311  1.438656
  1.077746  1.189931  1.469682  1.430064  1.085021  1.238955  1.581963
  1.341896  1.359675  1.269231  1.441526  1.048285  1.266533  1.438002
  1.702413  1.199739  1.161314  1.155053  0.951378  1.196883  1.680977
  1.227182  1.995102  1.482092  1.475518  0.944226  1.468486  1.401769
  1.023115  1.368265  1.015601  1.32062   1.019688  1.38711   1.137681
  1.278594  1.126551]
mean : 1.293379
   stddev : 0.217078
method : metropolis_hastings_langevin_E
[ 0.918947  1.311907  1.330041  1.279622  1.355291  1.224885  0.968134
  1.315785  1.229551  1.191224  1.287762  0.901857  1.478423  1.161989
  1.009591  1.152669  1.448518  1.314708  1.306335  1.419153  1.121672
  1.365691  1.088716  1.373244  1.25985   1.441701  1.332563  1.109616
  1.449818  1.229025  0.987767  1.555003  0.967966  1.089832  1.099821
  1.148469  1.401879  1.520854  1.170467  1.425202  1.213202  1.322515
  1.177464  1.48939   0.984765  0.711139  1.56677   1.528324  1.362479
  1.537489  1.100505]
mean : 1.249796
   stddev : 0.191932
method : metropolis_hastings_langevin_grad_E
[ 1.310363  1.211063  1.450648  1.430371  1.235626  1.404195  1.09743
  1.552096  1.852603  1.174555  1.519187  1.448954  1.607652  1.348354
  1.266179  1.182337  1.313646  1.055099  1.865388  1.087454  1.3723
  1.257667  1.420016  1.16891   1.17053   1.533767  1.252973  1.383994
  1.316173  1.009236  1.277544  1.40387   1.260453  1.28978   1.142845
  1.081302  1.644123  1.29213   1.245344  1.235565  1.04958   1.269811
  1.214406  1.171188  1.450647  1.087623  1.093312  1.349644  1.185153
  1.440686  0.864068]
mean : 1.300938
   stddev : 0.194750
